57.4713
57.4713
53.1915
54.7945
51.9031
52.0382
50.3778
49.5050
50.0835
48.9396
50.2934
49.6689
49.4234
49.8339
49.7512
49.6689
50.1672
50.7185
51.1945
51.1509
51.1509
51.5464
52.0382
51.9931
52.3104
52.8169
52.5394
52.7704
53.0035
53.0973
53.3333
53.2860
53.5236
53.6193
53.7153
53.5714
53.4283
53.7634
53.5236
53.8117
54.0054
53.8117
53.8117
54.0541
54.1028
54.1516
54.2495
54.3478
54.2986
54.4465
54.5455
54.4465
54.5951
54.7445
54.6448
54.6448
54.7945
54.8446
54.8446
54.9954
55.0459
55.0459
55.1978
55.2486
55.2995
55.4017
55.2486
55.3506
55.4529
55.4017
55.4529
55.3506
55.4529
55.3506
55.5042
55.5042
55.4529
55.4529
55.5042
55.5556
55.6070
55.6070
55.5042
55.6586
55.5556
55.6586
55.7103
55.7103
55.7621
55.7103
55.6586
55.7621
55.7103
55.7621
55.7103
55.8140
55.8140
55.8140
55.8659
55.7621
55.7103
55.8140
55.8140
55.8140
55.8659
55.8140
55.8659
55.8659
55.8659
55.8140
55.7621
55.8659
55.8659
55.8659
55.9180
55.8659
55.9180
55.9701
55.9180
55.9180
55.9701
55.9701
55.9701
56.0748
56.0748
56.0748
56.1272
56.1272
56.1272
56.1272
56.1272
56.1798
56.1272
56.1798
56.1272
56.1798
56.1798
56.2324
56.2324
56.2324
56.2324
56.2852
56.2852
56.2852
56.2852
56.3380
56.3380
56.3380
56.3910
56.3910
56.3910
56.4440
56.4440
56.4440
56.4972
56.4440
56.4972
56.4972
56.4440
56.4972
56.4972
56.5504
56.5504
56.5504
56.6038
56.6038
56.6038
56.6038
56.6038
56.6038
56.6572
56.6572
56.6038
56.6572
56.6572
56.6572
56.7108
56.6038
56.6572
56.7108
56.6572
56.6038
56.6038
56.6038
56.6038
56.6572
56.6038
56.6572
56.6572
56.6572
56.6572
56.6572
56.7108
56.6572
56.6572
56.7108
56.7108
56.7108
56.7108
56.7644
56.7644
56.7644
56.7108
56.7644
56.7644
56.7644
56.7644
56.8182
56.8182
56.8182
56.8182
56.8182
56.8182
56.8720
56.8182
56.8720
56.8182
56.8182
56.8720
56.8720
56.8182
56.8720
56.8182
56.8720
56.8720
56.8720
56.8720
56.9260
56.8720
56.8720
56.9260
56.8720
56.8720
56.8720
56.8182
56.8182
56.8720
56.8182
56.8720
56.8720
56.8720
56.8720
56.8182
56.8720
56.8720
56.8720
56.8720
56.8720
56.9260
56.8720
56.9260
56.9260
56.9260
56.8720
56.9260
56.9260
56.8720
56.9260
56.8720
56.9260
56.8720
56.8720
56.8720
56.9260
56.9260
56.9260
56.9260
56.8720
56.9260
56.8720
56.8720
56.8720
56.9260
56.9260
56.9260
56.9260
56.9260
56.9260
56.9260
56.9260
56.9260
56.9260
56.9260
56.9260
56.9260
56.9801
56.9801
56.9801
56.9801
56.9801
56.9801
56.9801
56.9801
56.9801
56.9801
56.9801
56.9801
56.9801
56.9801
56.9801
56.9801
56.9801
56.9801
